9 21 6 1 16 26 10 5 4 7 17 27 30 3 15 25 13 2 29 24 22 19 23 14 18 12 20 28 11 8
21 28 2 15 4 29 26 24 14 20 22 13 10 12 17 18 7 19 6 1 23 27 11 9 25 5 8 3 30 16
3 5 7 27 4 24 10 18 29 21 28 16 6 9 13 20 8 14 15 23 30 19 26 11 2 1 17 25 22 12
7 23 14 9 4 18 1 12 29 27 19 11 17 10 8 5 3 21 13 22 16 24 2 28 15 30 25 6 26 20
1 10 15 22 5 25 18 2 14 21 7 19 13 28 6 9 23 30 29 4 20 27 26 11 3 16 17 24 8 12
6 2 27 21 25 9 14 1 23 17 29 24 4 15 20 7 13 22 28 18 19 5 12 8 26 30 11 10 3 16
7 30 13 17 15 3 20 12 16 22 21 1 5 8 24 19 25 9 6 27 14 2 11 23 10 29 26 4 28 18
10 21 8 19 4 27 6 25 20 12 7 3 29 22 30 16 2 15 14 24 5 28 23 13 1 11 17 18 26 9
16 20 9 11 18 8 28 19 2 13 7 30 21 4 3 10 24 29 22 5 17 25 14 12 1 6 23 27 26 15
10 8 13 4 29 2 14 16 7 3 11 20 26 22 12 28 18 23 21 6 17 15 24 30 25 9 19 5 1 27
21 2 26 18 11 15 22 20 7 4 12 23 6 1 25 29 16 27 17 14 8 5 3 28 24 30 19 13 10 9
4 11 12 9 2 28 27 25 18 30 16 5 14 23 3 22 10 13 17 6 1 19 26 24 29 8 20 15 21 7
23 12 13 19 24 18 1 22 8 29 4 16 15 9 5 25 2 14 26 10 30 3 20 17 21 7 6 11 27 28
20 27 23 17 14 21 11 1 25 30 26 29 24 10 7 4 18 9 12 8 5 19 15 6 28 13 16 3 2 22
26 27 29 20 15 2 10 11 25 13 16 28 14 4 7 1 24 30 5 6 12 18 3 19 9 22 17 21 8 23
12 8 26 15 16 21 23 10 27 30 1 19 5 29 9 20 28 14 13 11 24 18 17 22 25 3 2 4 7 6
17 8 30 21 28 3 23 14 19 4 15 20 16 18 27 29 5 2 26 24 11 12 6 22 1 9 7 25 13 10
10 5 21 30 18 24 4 22 17 27 13 20 28 23 6 19 8 29 16 7 3 11 1 25 26 15 2 14 12 9
14 15 4 19 6 18 25 21 3 20 17 29 23 8 16 9 12 2 13 22 11 5 28 30 26 27 24 1 10 7
30 23 20 13 3 26 16 4 18 15 24 12 22 7 14 29 25 1 28 6 17 27 19 8 5 11 9 2 21 10
21 3 27 6 30 25 26 15 12 14 4 16 13 7 2 29 9 11 22 1 17 19 18 8 28 10 24 5 20 23
29 22 10 28 27 26 12 5 1 18 24 3 19 14 23 4 6 21 7 13 15 2 25 16 20 11 9 17 30 8
10 29 21 23 28 14 20 4 8 18 22 9 5 30 15 25 24 17 1 26 16 12 7 19 11 2 13 3 27 6
19 10 4 24 9 8 12 22 3 30 27 1 5 14 16 29 6 2 23 28 15 7 18 20 21 25 17 11 13 26
2 25 16 12 1 4 20 26 10 27 7 21 29 17 19 18 5 23 3 22 6 30 14 11 9 28 13 15 24 8
20 2 16 21 26 28 30 6 9 29 23 5 25 3 19 11 12 24 10 8 14 22 18 1 13 17 15 7 27 4
21 29 27 23 6 9 13 8 11 1 2 10 28 19 20 26 15 14 7 5 16 18 4 17 12 3 30 25 22 24
19 17 28 25 12 23 6 1 8 26 24 20 5 2 13 16 11 10 30 18 14 21 3 29 15 22 9 27 7 4
29 3 19 21 4 10 18 17 12 25 6 14 24 16 7 9 22 23 5 11 27 13 15 30 20 26 1 2 8 28
30 24 14 28 20 15 26 1 9 7 21 29 6 22 11 10 8 5 12 4 16 25 18 3 19 2 23 17 13 27
21 1 10 7 9 23 5 19 17 16 18 29 27 3 30 13 11 25 6 24 14 28 8 22 20 2 4 12 26 15
27 12 2 1 20 29 24 19 7 22 16 25 6 30 3 26 14 11 8 10 5 4 13 17 21 9 28 23 15 18
13 10 16 4 3 11 23 28 2 21 22 26 27 9 25 18 29 5 15 20 8 24 19 6 30 7 1 12 17 14
6 21 4 13 26 2 24 25 16 28 5 15 11 18 3 10 9 7 20 30 12 23 19 17 27 1 14 8 29 22
19 5 7 11 27 3 16 28 6 24 20 1 23 29 30 22 8 10 4 21 26 9 12 15 25 14 13 18 2 17
3 29 16 6 19 23 25 9 14 1 28 8 22 11 5 4 26 17 12 20 13 24 2 21 10 7 18 30 27 15
16 15 7 9 24 22 27 29 14 2 3 6 12 20 5 18 26 10 25 21 1 8 28 4 11 19 23 17 30 13
30 25 3 8 24 22 28 5 21 20 4 10 6 14 2 18 12 29 26 27 23 9 7 19 13 11 1 17 16 15
9 13 26 5 1 12 6 19 18 25 11 15 14 28 22 4 20 24 7 30 2 29 27 16 8 23 21 3 17 10
14 23 3 10 28 8 5 22 20 4 15 26 18 29 16 21 1 9 2 12 27 17 24 6 19 11 7 30 25 13
28 5 20 11 25 23 18 1 15 19 2 16 17 21 27 24 22 8 7 6 12 4 13 10 30 3 26 29 14 9
13 22 12 30 14 10 28 24 1 5 26 25 19 9 3 2 23 8 15 20 7 6 27 17 21 18 11 29 16 4
24 22 7 13 6 21 17 8 23 10 4 19 29 28 5 18 25 2 1 16 20 12 3 11 15 14 30 27 26 9
14 7 1 13 19 8 9 29 4 18 11 5 23 16 17 22 3 6 28 2 25 30 26 24 15 20 12 27 10 21
22 2 15 20 8 27 21 12 14 19 18 6 7 24 16 10 13 4 29 5 28 23 30 3 11 9 17 26 1 25
17 28 5 15 16 9 19 21 1 13 6 24 26 7 27 10 25 29 8 14 22 2 20 11 4 12 3 23 30 18
20 23 22 17 11 3 2 21 12 14 25 24 9 5 18 19 27 26 15 1 13 7 30 10 16 28 4 6 8 29
18 23 6 19 25 21 1 16 29 24 28 3 7 2 10 30 17 26 12 8 15 20 14 27 13 22 9 5 11 4
5 1 12 4 19 6 10 20 24 9 17 21 3 13 15 29 8 23 27 28 14 16 30 7 26 22 2 11 18 25
14 20 13 26 16 12 25 18 8 9 1 2 6 28 3 30 10 7 24 27 4 21 11 19 22 29 15 23 5 17
19 3 8 21 13 11 5 27 29 25 14 26 22 30 24 23 15 9 2 1 18 16 6 7 4 12 28 10 17 20
18 30 22 25 11 1 26 29 4 7 9 6 17 15 24 27 19 28 2 10 16 8 21 3 14 5 20 13 23 12
26 21 14 23 13 3 27 29 22 16 20 10 5 17 18 8 12 2 25 15 30 11 4 7 19 6 24 9 1 28
13 22 10 24 12 6 16 5 15 19 17 4 1 8 30 2 28 25 29 23 3 7 18 27 26 11 20 14 9 21
12 29 25 6 13 4 16 21 1 8 2 14 19 11 26 27 18 5 17 15 24 22 3 10 28 20 23 30 7 9
17 16 10 6 26 29 7 13 23 24 15 25 18 9 22 19 27 14 21 12 20 4 11 2 28 1 5 3 30 8
23 11 6 27 9 16 8 30 4 5 10 24 3 19 21 28 26 20 25 2 29 7 1 13 18 17 22 14 12 15
11 24 28 7 8 30 5 18 23 4 17 21 9 15 22 20 6 10 29 26 14 19 2 25 3 27 13 16 12 1
15 17 29 9 12 3 19 22 21 24 8 25 23 20 18 28 10 16 14 30 13 4 26 6 2 7 27 11 5 1
30 17 15 10 24 29 14 1 25 21 12 8 6 4 9 28 22 3 19 16 11 23 7 27 13 20 2 18 26 5